*****************************************************************************************************************
Nombre Archivo: ProblemaProfesorDaniel.txt
*****************************************************************************************************************
Archivo generado el: 19/04/2018 15:04:51
*****************************************************************************************************************
1. Representación Problema inicial
22 24 36 38 0 0 
22 24 36 38 0 0 
18 10000 27 22 10000 0 
18 10000 27 22 10000 0 
26 20 10000 28 0 0 
26 20 10000 28 0 0 
-------------------------------------------------------------------
2. Restar el número menor en cada fila.
22 24 36 38 0 0 
22 24 36 38 0 0 
18 10000 27 22 10000 0 
18 10000 27 22 10000 0 
26 20 10000 28 0 0 
26 20 10000 28 0 0 
-------------------------------------------------------------------
3. Restar el número menor en cada columna.
4 4 9 16 0 0 
4 4 9 16 0 0 
0 9980 0 0 10000 0 
0 9980 0 0 10000 0 
8 0 9973 6 0 0 
8 0 9973 6 0 0 
-------------------------------------------------------------------
4. Matriz ajustada
0 4 5 12 0 0 
0 4 5 12 0 0 
0 9984 0 0 10004 4 
0 9984 0 0 10004 4 
4 0 9969 2 0 0 
4 0 9969 2 0 0 
-------------------------------------------------------------------
5. Posición elementos asignados
(0,0)
(1,5)
(2,2)
(3,3)
(4,1)
(5,4)
-------------------------------------------------------------------
6. Solución Óptima (Valores)
x0 = 22
x1 = 0
x2 = 27
x3 = 22
x4 = 20
x5 = 0
-------------------------------------------------------------------
7. Solución Óptima
1 0 0 0 0 0 
0 0 0 0 0 1 
0 0 1 0 0 0 
0 0 0 1 0 0 
0 1 0 0 0 0 
0 0 0 0 1 0 
-------------------------------------------------------------------
8. Valor Óptimo
Z = 91
